2498.80200802629
199.952074578936
108.034566958118
-83.2094232970627
-197.95105351284
-130.697398026967
56.7188424629671
191.988040764793
150.744319785681
-29.0930336113377
-182.182386075491
-167.774092958957
0.88492749417058
168.73034969021
181.445866520945
27.3408904528091
-151.901174208664
-191.485999830847
-55.019480291482
132.031695692538
197.6935395522
81.5968548580375
-109.519601889429
-199.944241735275
-106.541067819823
84.8154725098665
198.193058560577
129.352860584811
-58.4137608713497
-192.475039971252
-149.57565496571
30.8428974118313
182.904632148244
166.804691595489
-2.65471315091088
-169.6733868692
-180.695131188861
-25.5866052117747
153.046127598341
190.968956502921
53.3158074971805
-133.355649043024
-197.420536854157
-79.9778935330302
110.996056265412
199.920743817974
105.039221486038
-86.4148766669727
-198.41953573499
-127.998188706829
60.1041027244999
192.946959295195
148.39527131038
-32.590344757342
-183.612548153239
-165.822221549698
4.42429081828052
170.603130611594
179.930238897255
23.8303153315901
-154.179090250809
-190.436951289919
-51.607957558074
134.669154350374
197.132066807713
78.3526661631449
-112.463814409985
-199.881582668028
-103.529145622232
88.0075104595268
198.630467292226
126.633488527784
-61.7897355888486
-193.40376176306
-147.203261299458
34.3352387402444
184.306078627232
164.826759795372
-6.19352185480512
-171.519508074564
-179.151249573307
-22.0721584126685
155.299973401604
189.890025872963
49.8960642794415
-135.972108705109
-196.828152013689
-76.7213000804127
113.922761328392
199.826761353604
102.010958538638
-89.5932491091136
-198.825836706383
-125.258866968129
63.4705273997624
193.845411585646
145.999718323604
-36.0774426529618
-184.985169234046
-163.818384324164
7.96226764616782
