8.25091096598783
11.489759650467
6.20794361024438
-4.78142711073463
-11.3747758405174
-7.51020807845033
19.4897598359603
4.32241849745333
-3.32917467189691
-7.9199399918507
-5.22914896516522
4.32241849745633
13.8251725999544
-1.79876029265796
-4.27916181255075
-2.82532127934961
-3.3291746718958
-1.79876029264861
12.8751853298809
3.29585803534427
2.1760937993347
-7.91993999184947
-4.27916181254699
3.29585803533489
19.3304409247214
5.17681818723585
-5.22914896516334
-2.82532127935499
2.17609379933366
5.17681818724175
14.9077595593213
