109
109
0.05
0
0.192305
0
0.296463
0
0.232237
0
0.0863213
0
-0.00240653
0
-0.0180736
0
-0.00905955
0
-0.00243122
0
-0.000401072
0
-4.1231e-05
0
-2.53783e-06
0
-8.50093e-08
0
-1.27332e-09
0
-5.2357e-12
0
0
0
0
0
0
0
0
0
0
0
0
0
0
0
0
0
0
0
0
0
0
0
0
0
0
0
0
0
0
0
0
0
0
0
0
0
0
0
0
0
0
0
0
0
0
0
0
0
0
0
0
0
0
0
0
0
0
0
0
0
0
0
0
0
0
0
0
0
0
0
0
0
0
0
0
0
0
0
0
1
0
2.84609
0
3.33318
0
1.93976
0
0.414033
0
-0.178547
0
-0.16727
0
-0.0615161
0
-0.0133716
0
-0.00183651
0
-0.000158348
0
-8.1412e-06
0
-2.24072e-07
0
-2.65151e-09
0
-7.68681e-12
0
0
0
0
0
0
0
0
0
0
0
0
0
0
0
0
0
0
0
0
0
0
0
0
0
0
0
0
0
0
0
0
0
0
0
0
0
0
0
0
0
0
0
0
0
0
0
0
0
0
0
0
0
0
0
0
0
0
0
0
0
0
0
0
0
0
0
0
0
0
0
0
0
0
0
0
0
0
0
0
