8.25091096598783
11.489759590862
6.20794360081331
-4.78142710642441
-11.3747757826964
-7.51020806182345
19.489759590862
4.32241844694512
-3.32917469237714
-7.91993997280356
-5.2291489669089
4.32241844694512
13.8251722446734
-1.79876076292922
-4.27916182964302
-2.82532124454888
-3.32917469237714
-1.79876076292922
12.8751851074075
3.29585796532546
2.17609380041289
-7.91993997280356
-4.27916182964302
3.29585796532546
19.3304407374635
5.17681824084578
-5.2291489669089
-2.82532124454888
2.17609380041289
5.17681824084578
14.9077594556275
